#LECROYWR64MXi,50182,Histogram
#Segments,1,SegmentSize,500
#Segment,TrigTime,TimeSinceSegment1
#1,23-Nov-2012 13:00:14,0                 
#Time,Ampl
3.5e-006,0
3.501e-006,0
3.502e-006,0
3.503e-006,0
3.504e-006,0
3.505e-006,0
3.506e-006,0
3.507e-006,0
3.508e-006,0
3.509e-006,0
3.51e-006,0
3.511e-006,0
3.512e-006,0
3.513e-006,0
3.514e-006,0
3.515e-006,0
3.516e-006,0
3.517e-006,0
3.518e-006,0
3.519e-006,0
3.52e-006,0
3.521e-006,0
3.522e-006,0
3.523e-006,0
3.524e-006,0
3.525e-006,0
3.526e-006,0
3.527e-006,0
3.528e-006,0
3.529e-006,0
3.53e-006,0
3.531e-006,0
3.532e-006,0
3.533e-006,0
3.534e-006,0
3.535e-006,0
3.536e-006,0
3.537e-006,0
3.538e-006,0
3.539e-006,0
3.54e-006,0
3.541e-006,0
3.542e-006,0
3.543e-006,0
3.544e-006,0
3.545e-006,0
3.546e-006,0
3.547e-006,0
3.548e-006,0
3.549e-006,0
3.55e-006,0
3.551e-006,0
3.552e-006,0
3.553e-006,0
3.554e-006,0
3.555e-006,0
3.556e-006,0
3.557e-006,0
3.558e-006,0
3.559e-006,0
3.56e-006,0
3.561e-006,0
3.562e-006,0
3.563e-006,0
3.564e-006,0
3.565e-006,0
3.566e-006,0
3.567e-006,0
3.568e-006,0
3.569e-006,0
3.57e-006,0
3.571e-006,0
3.572e-006,0
3.573e-006,0
3.574e-006,0
3.575e-006,0
3.576e-006,0
3.577e-006,0
3.578e-006,0
3.579e-006,0
3.58e-006,0
3.581e-006,0
3.582e-006,0
3.583e-006,0
3.584e-006,0
3.585e-006,0
3.586e-006,0
3.587e-006,0
3.588e-006,0
3.589e-006,0
3.59e-006,0
3.591e-006,0
3.592e-006,0
3.593e-006,0
3.594e-006,0
3.595e-006,0
3.596e-006,0
3.597e-006,0
3.598e-006,0
3.599e-006,0
3.6e-006,0
3.601e-006,0
3.602e-006,0
3.603e-006,0
3.604e-006,0
3.605e-006,0
3.606e-006,0
3.607e-006,0
3.608e-006,0
3.609e-006,0
3.61e-006,0
3.611e-006,0
3.612e-006,0
3.613e-006,0
3.614e-006,0
3.615e-006,0
3.616e-006,0
3.617e-006,0
3.618e-006,0
3.619e-006,0
3.62e-006,0
3.621e-006,0
3.622e-006,0
3.623e-006,0
3.624e-006,0
3.625e-006,0
3.626e-006,0
3.627e-006,0
3.628e-006,0
3.629e-006,0
3.63e-006,0
3.631e-006,0
3.632e-006,0
3.633e-006,0
3.634e-006,0
3.635e-006,0
3.636e-006,0
3.637e-006,0
3.638e-006,0
3.639e-006,0
3.64e-006,0
3.641e-006,0
3.642e-006,0
3.643e-006,0
3.644e-006,0
3.645e-006,0
3.646e-006,0
3.647e-006,0
3.648e-006,0
3.649e-006,0
3.65e-006,0
3.651e-006,0
3.652e-006,0
3.653e-006,0
3.654e-006,0
3.655e-006,0
3.656e-006,0
3.657e-006,0
3.658e-006,0
3.659e-006,0
3.66e-006,0
3.661e-006,0
3.662e-006,0
3.663e-006,0
3.664e-006,0
3.665e-006,0
3.666e-006,0
3.667e-006,0
3.668e-006,0
3.669e-006,0
3.67e-006,0
3.671e-006,0
3.672e-006,0
3.673e-006,0
3.674e-006,0
3.675e-006,0
3.676e-006,0
3.677e-006,0
3.678e-006,0
3.679e-006,0
3.68e-006,0
3.681e-006,0
3.682e-006,0
3.683e-006,0
3.684e-006,0
3.685e-006,0
3.686e-006,0
3.687e-006,0
3.688e-006,0
3.689e-006,0
3.69e-006,0
3.691e-006,0
3.692e-006,0
3.693e-006,0
3.694e-006,0
3.695e-006,0
3.696e-006,0
3.697e-006,0
3.698e-006,0
3.699e-006,0
3.7e-006,0
3.701e-006,0
3.702e-006,0
3.703e-006,0
3.704e-006,0
3.705e-006,0
3.706e-006,0
3.707e-006,0
3.708e-006,0
3.709e-006,0
3.71e-006,0
3.711e-006,0
3.712e-006,0
3.713e-006,0
3.714e-006,0
3.715e-006,0
3.716e-006,0
3.717e-006,0
3.718e-006,0
3.719e-006,0
3.72e-006,0
3.721e-006,0
3.722e-006,0
3.723e-006,0
3.724e-006,0
3.725e-006,0
3.726e-006,0
3.727e-006,6
3.728e-006,125
3.729e-006,2
3.73e-006,0
3.731e-006,0
3.732e-006,0
3.733e-006,0
3.734e-006,0
3.735e-006,0
3.736e-006,0
3.737e-006,0
3.738e-006,0
3.739e-006,0
3.74e-006,0
3.741e-006,0
3.742e-006,0
3.743e-006,1
3.744e-006,118
3.745e-006,0
3.746e-006,0
3.747e-006,0
3.748e-006,0
3.749e-006,0
3.75e-006,0
3.751e-006,0
3.752e-006,0
3.753e-006,0
3.754e-006,0
3.755e-006,0
3.756e-006,0
3.757e-006,0
3.758e-006,0
3.759e-006,24
3.76e-006,1507
3.761e-006,7
3.762e-006,0
3.763e-006,0
3.764e-006,0
3.765e-006,0
3.766e-006,0
3.767e-006,0
3.768e-006,0
3.769e-006,0
3.77e-006,0
3.771e-006,0
3.772e-006,0
3.773e-006,0
3.774e-006,1
3.775e-006,28
3.776e-006,1835
3.777e-006,10
3.778e-006,0
3.779e-006,0
3.78e-006,0
3.781e-006,0
3.782e-006,0
3.783e-006,0
3.784e-006,0
3.785e-006,0
3.786e-006,0
3.787e-006,0
3.788e-006,0
3.789e-006,0
3.79e-006,0
3.791e-006,26
3.792e-006,1587
3.793e-006,13
3.794e-006,0
3.795e-006,0
3.796e-006,0
3.797e-006,0
3.798e-006,0
3.799e-006,0
3.8e-006,0
3.801e-006,0
3.802e-006,0
3.803e-006,0
3.804e-006,0
3.805e-006,0
3.806e-006,0
3.807e-006,20
3.808e-006,1579
3.809e-006,19
3.81e-006,4
3.811e-006,0
3.812e-006,0
3.813e-006,0
3.814e-006,0
3.815e-006,0
3.816e-006,0
3.817e-006,0
3.818e-006,0
3.819e-006,0
3.82e-006,0
3.821e-006,0
3.822e-006,2
3.823e-006,5
3.824e-006,982
3.825e-006,11
3.826e-006,1
3.827e-006,0
3.828e-006,0
3.829e-006,0
3.83e-006,0
3.831e-006,0
3.832e-006,0
3.833e-006,0
3.834e-006,0
3.835e-006,0
3.836e-006,0
3.837e-006,0
3.838e-006,0
3.839e-006,8
3.84e-006,770
3.841e-006,10
3.842e-006,0
3.843e-006,0
3.844e-006,0
3.845e-006,0
3.846e-006,0
3.847e-006,0
3.848e-006,0
3.849e-006,0
3.85e-006,0
3.851e-006,0
3.852e-006,0
3.853e-006,0
3.854e-006,0
3.855e-006,4
3.856e-006,526
3.857e-006,7
3.858e-006,0
3.859e-006,0
3.86e-006,0
3.861e-006,0
3.862e-006,0
3.863e-006,0
3.864e-006,0
3.865e-006,0
3.866e-006,0
3.867e-006,0
3.868e-006,0
3.869e-006,0
3.87e-006,0
3.871e-006,1
3.872e-006,213
3.873e-006,6
3.874e-006,0
3.875e-006,0
3.876e-006,0
3.877e-006,0
3.878e-006,0
3.879e-006,0
3.88e-006,0
3.881e-006,0
3.882e-006,0
3.883e-006,0
3.884e-006,0
3.885e-006,0
3.886e-006,0
3.887e-006,2
3.888e-006,216
3.889e-006,4
3.89e-006,0
3.891e-006,0
3.892e-006,0
3.893e-006,0
3.894e-006,0
3.895e-006,0
3.896e-006,0
3.897e-006,0
3.898e-006,0
3.899e-006,0
3.9e-006,0
3.901e-006,0
3.902e-006,0
3.903e-006,7
3.904e-006,303
3.905e-006,6
3.906e-006,0
3.907e-006,0
3.908e-006,0
3.909e-006,0
3.91e-006,0
3.911e-006,0
3.912e-006,0
3.913e-006,0
3.914e-006,0
3.915e-006,0
3.916e-006,0
3.917e-006,0
3.918e-006,0
3.919e-006,2
3.92e-006,103
3.921e-006,3
3.922e-006,0
3.923e-006,0
3.924e-006,0
3.925e-006,0
3.926e-006,0
3.927e-006,0
3.928e-006,0
3.929e-006,0
3.93e-006,0
3.931e-006,0
3.932e-006,0
3.933e-006,0
3.934e-006,0
3.935e-006,1
3.936e-006,145
3.937e-006,3
3.938e-006,0
3.939e-006,0
3.94e-006,0
3.941e-006,0
3.942e-006,0
3.943e-006,0
3.944e-006,0
3.945e-006,0
3.946e-006,0
3.947e-006,0
3.948e-006,0
3.949e-006,0
3.95e-006,0
3.951e-006,2
3.952e-006,118
3.953e-006,4
3.954e-006,0
3.955e-006,0
3.956e-006,0
3.957e-006,0
3.958e-006,0
3.959e-006,0
3.96e-006,0
3.961e-006,0
3.962e-006,0
3.963e-006,0
3.964e-006,0
3.965e-006,0
3.966e-006,0
3.967e-006,0
3.968e-006,38
3.969e-006,2
3.97e-006,0
3.971e-006,0
3.972e-006,0
3.973e-006,0
3.974e-006,0
3.975e-006,0
3.976e-006,0
3.977e-006,0
3.978e-006,0
3.979e-006,0
3.98e-006,0
3.981e-006,0
3.982e-006,0
3.983e-006,0
3.984e-006,61
3.985e-006,4
3.986e-006,0
3.987e-006,0
3.988e-006,0
3.989e-006,0
3.99e-006,0
3.991e-006,0
3.992e-006,0
3.993e-006,0
3.994e-006,0
3.995e-006,0
3.996e-006,0
3.997e-006,0
3.998e-006,0
3.999e-006,0
